100
39 67
23 27 34
2 17 2
2 20 2
18 11 2
7 3 26
12 38 38
34 11 2
22 5 18
6 34 34
6 31 18
14 38 34
15 27 18
8 24 2
28 4 2
37 8 2
36 37 2
17 7 2
19 18 2
28 8 25
31 30 18
10 7 2
6 30 34
21 4 2
27 25 2
11 10 2
27 10 18
6 1 2
20 19 2
1 3 25
22 37 18
10 37 37
17 3 2
22 26 18
5 27 27
39 14 2
32 36 25
39 24 2
6 22 18
28 17 2
25 5 2
38 23 34
14 10 18
33 29 37
38 36 2
21 34 2
13 34 34
39 10 2
6 10 18
19 5 2
14 37 18
15 37 18
28 5 2
20 21 2
10 33 37
4 25 2
32 19 2
25 37 2
7 17 2
12 10 18
18 21 2
28 15 2
6 13 34
9 4 37
36 37 2
12 35 2
8 24 2
24 30 38
59 51
58 37 58
40 45 36
35 13 29
30 44 24
40 53 51
27 43 36
27 26 36
10 11 1
35 13 29
48 10 36
26 47 24
31 57 24
14 45 29
21 46 36
55 11 36
23 53 24
10 51 36
40 48 2
52 22 24
8 11 36
36 26 36
50 40 36
36 7 36
50 28 1
5 12 24
3 26 24
26 32 24
19 55 24
26 3 24
46 34 36
31 12 10
44 34 8
23 50 36
40 50 36
26 2 26
51 34 51
36 45 48
9 53 8
20 15 24
25 48 24
15 24 24
34 49 24
58 48 58
34 56 8
10 53 36
44 11 36
42 16 36
32 23 24
19 42 36
42 46 29
25 37 24
7 24
1 6 4
2 5 4
6 3 4
1 2 4
2 5 4
7 5 5
2 7 4
5 3 4
2 4 4
4 6 4
3 1 4
2 5 4
7 6 4
2 4 4
6 1 4
1 6 4
3 5 4
1 4 4
3 4 4
6 5 4
1 5 4
1 3 4
4 6 4
4 3 4
60 120
19 48 32
46 37 46
17 29 38
5 54 38
50 54 38
6 21 56
57 31 46
17 50 38
15 31 32
12 50 56
19 59 38
19 23 46
9 20 49
17 54 38
14 16 56
53 35 26
33 44 38
21 60 56
50 58 38
19 9 32
3 5 46
31 3 32
58 10 46
36 6 56
38 57 38
5 12 38
29 40 56
2 58 46
48 42 60
59 8 36
15 4 38
16 28 38
30 3 38
59 43 38
32 11 38
37 14 38
29 31 38
33 26 26
43 1 46
40 27 56
46 53 38
51 7 38
16 52 38
42 34 46
58 49 15
45 44 44
39 11 56
42 15 32
47 55 38
56 47 56
41 44 38
21 4 38
33 16 56
4 39 38
59 33 56
39 59 56
25 38 38
58 16 38
32 54 38
54 10 38
7 6 56
6 58 38
2 49 46
25 10 46
56 36 56
13 48 38
28 52 45
6 3 18
44 10 46
48 45 15
38 48 38
31 40 38
58 14 38
2 36 38
18 24 32
18 58 15
24 5 46
22 46 38
44 10 46
39 58 31
48 35 38
15 6 38
59 51 38
60 24 38
35 5 38
52 16 38
31 57 46
5 47 38
50 36 14
41 29 38
39 43 38
54 15 38
47 56 56
48 22 38
59 43 38
6 50 56
44 9 44
46 16 38
13 57 38
12 51 38
57 41 38
3 15 15
43 29 18
9 1 15
19 4 44
30 34 38
19 27 48
11 10 38
22 36 14
58 43 46
6 55 38
26 43 38
18 45 15
46 37 46
47 20 38
22 5 38
6 34 52
38 21 38
22 42 38
42 40 38
20 78
14 1 13
9 1 9
16 10 16
20 6 8
14 16 13
9 10 18
10 9 18
16 2 16
20 4 8
7 10 8
19 8 16
17 18 5
2 3 2
3 10 10
15 13 8
8 11 8
18 9 18
1 13 13
10 12 12
13 11 18
8 3 3
5 13 8
13 2 8
20 5 8
19 14 16
3 9 18
7 12 12
4 10 8
6 12 12
18 20 18
11 18 18
8 1 8
16 2 16
8 17 8
19 9 16
1 5 8
10 12 12
15 17 8
18 6 8
6 15 15
15 20 8
15 12 12
15 16 16
5 4 10
8 2 11
8 18 8
1 10 18
13 9 13
12 11 12
1 17 13
1 16 16
5 19 16
18 17 18
5 20 8
6 14 8
2 14 18
11 2 18
4 18 8
10 5 8
11 18 18
8 14 8
20 14 18
4 11 8
6 8 8
14 15 8
9 2 8
6 12 12
3 18 18
9 15 8
16 4 16
17 13 13
11 5 8
16 10 16
1 11 11
2 20 8
4 20 8
18 10 18
10 12 12
60 116
1 3 1
1 4 1
2 3 2
2 4 2
3 5 3
3 6 3
4 5 4
4 6 4
5 7 5
5 8 5
6 7 6
6 8 6
7 9 7
7 10 7
8 9 8
8 10 8
9 11 9
9 12 9
10 11 10
10 12 10
11 13 11
11 14 11
12 13 12
12 14 12
13 15 13
13 16 13
14 15 14
14 16 14
15 17 15
15 18 15
16 17 16
16 18 16
17 19 17
17 20 17
18 19 18
18 20 18
19 21 19
19 22 19
20 21 20
20 22 20
21 23 21
21 24 21
22 23 22
22 24 22
23 25 23
23 26 23
24 25 24
24 26 24
25 27 25
25 28 25
26 27 26
26 28 26
27 29 27
27 30 27
28 29 28
28 30 28
29 31 29
29 32 29
30 31 30
30 32 30
31 33 31
31 34 31
32 33 32
32 34 32
33 35 33
33 36 33
34 35 34
34 36 34
35 37 35
35 38 35
36 37 36
36 38 36
37 39 37
37 40 37
38 39 38
38 40 38
39 41 39
39 42 39
40 41 40
40 42 40
41 43 41
41 44 41
42 43 42
42 44 42
43 45 43
43 46 43
44 45 44
44 46 44
45 47 45
45 48 45
46 47 46
46 48 46
47 49 47
47 50 47
48 49 48
48 50 48
49 51 49
49 52 49
50 51 50
50 52 50
51 53 51
51 54 51
52 53 52
52 54 52
53 55 53
53 56 53
54 55 54
54 56 54
55 57 55
55 58 55
56 57 56
56 58 56
57 58 57
58 59 58
59 60 59
60 57 60
3 1
1 2 3
29 51
14 2 14
2 27 27
7 16 4
6 13 24
24 19 24
3 10 24
2 26 24
16 6 24
9 13 13
22 14 13
12 26 4
10 11 24
23 29 24
27 6 24
20 4 4
21 6 24
21 7 7
26 28 24
24 27 24
11 7 7
12 3 4
20 22 24
15 3 24
16 27 24
12 14 24
28 18 24
3 19 4
18 19 4
16 13 24
1 4 4
12 26 4
27 4 24
28 23 27
12 25 4
19 4 4
9 13 13
24 10 24
4 27 24
27 5 24
2 26 24
6 9 24
23 13 13
9 25 24
16 17 4
27 16 24
18 6 24
24 5 24
22 28 27
2 4 24
27 16 24
24 20 24
41 75
23 1 30
30 28 30
38 1 30
9 14 30
37 12 2
14 25 30
4 20 35
26 18 30
18 1 30
14 21 12
18 6 12
31 1 30
20 27 30
18 13 9
28 23 30
14 2 12
26 38 30
13 26 30
4 8 30
26 33 30
35 23 30
32 4 30
38 39 30
25 40 30
17 40 20
19 40 40
32 16 30
25 9 30
7 10 30
12 26 30
25 23 30
22 11 30
15 9 30
13 12 30
37 5 30
16 1 30
11 4 2
26 17 30
40 9 39
17 14 30
6 28 30
41 6 30
29 8 30
19 21 30
20 23 30
19 33 17
27 41 30
27 40 30
33 4 30
3 39 39
16 26 30
26 14 30
19 1 39
33 16 38
34 13 30
34 30 30
12 1 25
29 32 30
23 28 30
37 29 30
31 17 30
28 33 30
25 9 30
12 34 30
33 35 31
14 23 30
9 13 32
18 14 30
21 3 30
9 23 30
40 20 30
28 11 30
22 32 30
7 9 30
3 34 30
15 39
7 6 7
9 10 4
7 2 2
7 8 2
1 13 2
10 3 7
3 5 7
2 4 2
7 14 7
2 10 2
7 3 7
4 6 4
7 12 7
11 2 2
14 12 7
7 13 2
1 6 6
3 1 7
7 14 7
13 8 2
13 2 2
8 5 2
7 13 2
11 13 2
3 11 11
13 5 2
4 10 4
11 7 11
2 10 2
3 1 7
14 7 7
12 11 11
6 9 4
8 15 2
10 7 7
6 9 4
12 5 4
11 14 11
9 2 2
47 72
32 16 2
28 39 2
2 45 2
42 5 26
13 42 26
6 31 26
11 42 26
8 3 17
47 20 26
16 11 26
15 39 8
41 23 26
25 32 26
12 20 34
3 23 26
17 2 26
47 10 26
4 22 26
18 35 26
34 16 2
7 25 26
45 43 2
47 25 42
1 21 26
13 27 13
36 19 6
29 31 26
32 11 26
23 12 26
29 41 2
6 30 40
39 29 8
15 5 26
28 32 2
26 43 26
37 11 26
25 12 26
16 1 35
38 9 43
38 40 2
36 22 2
38 35 26
24 37 26
7 17 15
25 23 33
16 25 28
29 3 2
32 21 26
16 45 2
2 37 2
31 3 11
3 6 2
45 13 26
33 15 34
34 35 26
16 47 26
4 28 26
44 41 2
26 14 26
35 41 26
6 28 2
35 28 26
14 39 2
44 21 21
9 15 34
44 12 26
19 46 2
43 11 26
3 21 45
38 42 34
16 45 2
2 26 26
26 84
11 13 7
20 1 7
9 4 7
10 14 7
18 22 7
12 26 26
13 7 7
22 6 7
26 24 26
16 2 16
25 6 7
9 1 7
14 20 7
13 4 7
20 15 7
17 14 14
13 22 7
25 7 7
21 2 7
16 7 7
23 12 15
8 25 21
8 11 21
11 24 11
22 15 7
6 22 7
22 6 7
7 17 7
20 18 20
25 1 1
21 23 7
8 13 7
15 25 7
18 17 7
16 7 7
24 10 7
9 17 7
2 14 7
13 10 15
25 15 7
19 16 26
26 16 26
18 5 26
5 22 26
20 10 7
20 18 20
2 8 7
7 4 7
19 4 26
12 4 7
15 7 7
7 15 7
18 3 7
21 10 7
25 22 7
26 2 26
24 5 26
26 3 26
10 16 7
10 5 26
22 19 26
23 24 7
11 21 21
2 21 7
26 25 26
20 21 7
21 18 7
6 2 7
13 1 7
23 5 26
20 2 7
2 3 7
11 21 21
21 23 7
24 20 7
4 11 11
24 3 3
17 25 21
16 26 26
10 5 26
8 23 7
6 13 15
2 7 7
5 21 26
29 84
3 19 11
5 2 11
18 5 7
6 15 15
5 20 11
20 9 11
26 16 11
20 24 11
10 12 11
10 23 11
14 25 11
5 4 7
15 25 8
15 11 11
5 2 11
15 23 11
29 6 11
5 28 11
6 10 15
7 14 7
4 27 11
3 25 25
14 5 7
16 18 7
6 27 8
10 6 15
21 6 8
9 16 7
5 27 11
10 3 11
2 7 11
24 9 7
19 20 11
21 5 11
24 6 11
7 17 11
28 13 11
23 29 7
25 29 11
27 1 8
12 24 11
19 1 8
3 4 7
20 17 11
8 7 11
10 27 8
16 24 7
15 22 8
19 8 8
13 26 11
23 5 7
11 12 11
26 14 11
17 3 11
12 3 11
11 4 11
2 12 11
13 26 11
17 6 8
22 20 28
21 29 11
22 5 11
23 13 24
22 8 8
11 6 11
20 27 11
15 23 11
11 5 11
24 14 24
26 1 1
15 14 11
8 19 8
5 26 11
1 10 15
19 28 11
20 23 11
6 7 11
8 14 11
20 14 11
9 1 11
3 11 11
14 29 7
7 13 7
22 19 18
37 89
3 30 33
28 14 10
13 14 10
4 33 33
19 21 33
2 12 2
18 5 33
33 23 33
31 32 33
18 2 33
16 31 33
5 14 10
35 30 33
33 3 33
26 17 33
37 8 33
9 14 9
27 9 33
4 20 10
26 2 33
12 36 33
19 16 18
32 28 33
9 17 9
24 21 33
12 33 33
19 8 33
7 8 8
37 7 33
34 22 33
36 4 33
13 3 10
13 11 33
34 16 33
18 35 33
9 30 33
26 30 33
8 36 36
35 6 33
28 13 28
14 13 10
4 35 10
28 18 33
15 13 10
15 32 33
29 14 9
16 27 33
20 3 10
19 4 33
11 10 33
19 26 33
30 31 33
10 5 10
5 30 33
34 29 33
8 31 33
24 26 33
35 3 35
18 26 33
3 26 33
3 1 33
7 1 7
31 7 33
36 33 33
6 11 6
36 28 33
14 35 9
20 6 33
26 33 33
27 26 33
33 26 33
37 10 33
24 14 33
13 23 33
3 6 33
30 7 33
35 4 10
6 33 33
23 36 36
15 32 33
17 30 33
36 16 33
21 25 33
30 5 33
31 27 33
5 22 10
11 30 33
23 30 33
3 1 33
18 47
18 17 16
1 11 2
1 17 16
7 4 16
12 18 12
6 17 16
11 7 16
7 1 16
13 8 16
14 7 7
4 3 4
15 9 16
8 9 16
1 15 16
6 5 16
1 10 2
7 1 16
3 11 4
11 1 2
12 9 16
11 6 6
12 16 16
15 8 16
8 2 16
16 14 16
11 5 16
17 9 16
2 4 4
16 15 16
5 11 16
9 2 9
11 2 2
9 1 9
5 6 16
2 13 6
8 17 16
9 13 6
17 16 16
2 7 16
8 11 16
17 16 16
18 13 16
14 2 16
12 9 16
12 5 16
10 12 16
14 9 16
8 37
5 3 4
1 7 4
1 2 2
7 3 4
2 5 2
7 1 4
6 1 2
7 8 4
6 4 2
2 6 2
7 1 4
1 6 2
8 5 4
3 5 4
8 3 3
6 4 2
4 8 4
6 3 8
4 2 2
6 3 2
4 2 2
6 8 2
7 4 4
5 8 4
1 5 4
4 6 2
8 3 3
3 2 7
8 2 2
6 5 2
3 8 3
4 1 4
3 4 4
6 3 2
7 3 4
5 6 2
7 1 4
41 97
41 36 2
35 31 6
7 3 3
9 4 2
13 23 6
26 35 6
10 1 6
4 17 6
1 38 6
12 37 36
26 4 26
28 32 2
15 2 2
29 28 6
24 38 2
14 34 6
6 21 6
8 1 6
33 13 2
26 4 26
37 38 2
11 20 3
19 17 29
13 35 6
18 34 6
28 24 2
9 26 2
20 2 2
21 37 2
8 10 2
41 3 2
4 40 2
14 10 2
7 40 2
23 22 6
21 18 21
5 26 2
38 26 2
20 38 3
7 41 2
35 30 6
7 21 2
19 17 29
28 26 2
25 28 6
3 32 2
20 9 3
31 32 2
24 14 2
29 32 6
13 26 2
12 23 6
14 33 2
38 20 3
27 13 2
14 13 2
8 18 2
9 7 3
35 28 6
33 16 2
2 7 2
30 20 2
15 41 2
33 1 6
19 40 6
9 31 2
6 33 6
10 22 2
7 20 3
32 33 2
27 40 2
23 29 29
22 4 2
41 40 2
33 22 2
28 5 2
14 15 2
22 7 2
12 25 6
14 31 2
2 13 2
10 34 6
13 11 2
3 31 2
1 28 6
35 7 6
16 6 6
37 41 2
1 38 6
26 28 2
11 16 2
30 32 2
11 31 2
30 29 6
19 7 6
2 20 2
21 2 2
57 13
10 48 48
42 45 48
38 53 53
35 47 48
54 25 28
28 35 48
51 46 12
21 52 16
4 57 48
28 52 16
44 20 48
11 6 48
40 10 40
9 29
2 8 7
8 5 5
7 9 7
3 9 7
5 2 7
8 5 5
6 2 7
7 8 7
7 9 7
6 2 7
6 7 7
1 4 7
4 6 7
2 4 7
6 4 7
7 4 7
7 2 7
7 2 7
9 2 7
2 5 7
4 7 7
9 2 7
5 3 5
9 8 6
5 7 7
1 9 7
1 3 5
8 6 7
4 5 7
37 38
12 22 5
33 5 5
7 6 12
1 7 34
15 8 15
36 10 34
17 3 5
8 23 5
34 14 34
24 5 5
26 12 12
15 2 5
5 32 5
31 14 34
34 21 34
31 33 34
28 9 27
22 10 5
7 6 12
8 31 5
18 30 12
29 21 29
36 18 18
11 22 5
31 16 12
19 8 5
2 16 12
26 3 5
31 27 27
37 22 5
9 24 27
28 1 34
25 23 12
7 23 34
4 7 34
27 4 34
3 1 5
16 23 12
15 79
8 5 2
13 2 2
12 7 2
6 4 2
9 10 2
13 14 7
3 11 2
1 7 2
13 6 2
8 6 2
14 5 7
12 13 7
10 9 2
13 2 2
13 10 2
7 9 7
4 1 2
2 11 2
7 3 2
2 12 2
7 5 7
1 5 2
9 10 2
6 11 2
7 3 2
9 8 2
6 12 2
1 7 2
9 2 2
5 7 7
12 11 2
2 7 2
7 5 7
1 11 2
15 5 2
15 12 10
6 12 2
7 13 7
1 4 2
3 10 10
1 2 2
5 3 2
8 9 2
8 13 2
12 4 10
13 2 2
8 11 2
6 12 2
1 12 2
3 10 10
5 15 2
4 12 1
13 15 2
1 7 2
2 7 2
6 15 2
7 5 7
9 10 2
6 13 2
13 14 7
8 2 2
2 12 10
9 4 2
9 6 2
3 4 10
4 12 10
8 11 2
1 14 2
13 7 7
11 7 7
14 13 7
8 10 10
2 4 2
2 6 2
15 3 15
4 11 2
6 7 2
9 10 2
7 5 7
60 120
1 15 17
30 35 14
37 56 14
35 36 45
8 11 14
22 3 14
55 23 14
50 9 53
5 21 22
43 17 14
41 5 14
48 8 14
40 4 45
9 2 14
7 53 14
28 9 14
44 25 14
55 6 14
21 7 39
43 38 39
52 16 14
41 45 45
35 58 45
12 40 45
6 26 14
4 29 14
27 11 14
56 13 14
33 39 14
49 30 14
52 14 14
7 56 30
1 19 14
40 5 14
49 51 17
15 25 14
58 24 45
5 42 14
35 22 14
3 36 14
51 26 14
17 37 14
7 30 30
20 21 14
33 55 14
43 52 14
18 11 14
45 39 14
47 20 14
54 51 14
5 31 14
18 4 14
10 54 14
39 11 39
33 10 45
48 55 48
18 29 17
60 47 14
48 20 14
23 51 14
4 33 45
38 46 14
46 50 14
13 34 14
24 36 47
33 7 14
28 1 14
15 50 14
20 5 14
17 59 14
37 60 14
54 58 14
43 30 39
40 34 14
20 45 14
39 33 14
26 14 14
31 3 14
38 56 38
50 38 14
27 29 27
56 53 14
26 43 39
58 54 14
8 56 14
12 26 14
21 44 14
13 50 14
57 51 14
41 39 14
4 16 14
2 10 45
23 25 14
26 5 39
6 28 14
41 60 14
54 23 14
29 59 14
58 32 14
58 54 14
48 17 14
4 8 45
27 53 14
33 19 14
6 55 14
28 45 14
13 25 14
9 14 14
44 10 45
27 24 14
35 12 45
25 44 14
47 19 14
34 40 14
21 55 57
16 9 14
41 23 41
57 17 14
13 28 14
38 6 14
39 40
19 32 28
21 32 28
1 18 16
29 1 28
25 15 35
4 29 28
13 35 28
38 37 37
19 12 28
39 34 28
19 18 28
15 3 16
24 35 28
10 26 28
39 29 28
26 16 28
39 23 28
16 31 28
11 3 20
39 27 19
5 15 28
4 32 28
10 38 10
27 7 19
20 11 20
36 26 28
14 2 28
10 12 10
30 35 28
35 29 28
36 14 28
24 28 28
37 14 28
12 34 28
34 18 28
26 3 28
32 2 28
14 28 28
5 15 28
37 39 28
58 31
7 9 9
22 57 22
30 3 48
37 36 48
35 33 22
14 18 48
58 55 22
38 39 4
14 32 14
53 29 39
22 39 4
16 49 48
29 37 4
49 28 22
51 47 48
31 44 48
27 38 48
45 19 43
35 10 4
9 51 48
27 55 22
34 1 48
17 12 43
8 24 48
20 15 48
38 52 48
14 2 48
41 48 48
28 52 22
15 22 22
8 36 48
3 3
1 2 2
2 3 3
3 1 1
50 111
8 17 23
26 2 5
11 13 5
1 6 5
30 46 5
18 17 5
10 32 5
32 19 5
32 34 5
50 29 36
49 6 5
34 19 5
44 42 5
3 22 5
7 22 5
4 41 19
31 15 5
30 15 30
44 8 5
32 19 5
34 17 5
47 19 5
39 41 5
17 45 23
39 35 5
33 36 5
47 42 36
6 38 30
14 48 44
17 47 5
47 18 5
13 15 5
7 1 13
19 33 5
29 12 5
42 47 36
41 43 5
8 38 5
4 46 5
7 36 5
11 23 5
24 26 5
22 43 43
27 50 5
35 22 5
26 32 5
50 8 5
11 9 5
45 48 5
16 7 13
35 18 5
32 41 5
17 27 5
7 49 5
25 39 5
6 46 5
6 17 5
24 14 5
6 3 5
23 49 5
6 11 5
49 41 5
46 36 36
35 42 5
50 32 5
20 25 5
18 43 5
47 1 5
31 25 5
3 2 5
12 26 12
18 34 5
48 42 5
26 4 5
45 8 40
50 25 36
13 29 5
9 8 13
14 6 5
13 22 5
13 2 13
46 3 36
23 31 5
32 18 5
48 22 5
27 47 5
48 41 5
24 3 5
33 11 5
34 14 5
29 6 5
28 32 5
1 14 5
27 32 5
28 22 5
3 21 5
3 4 5
3 7 5
46 9 5
42 48 5
25 1 5
21 7 40
1 34 5
24 16 5
20 23 23
3 50 36
48 37 37
36 31 5
9 31 5
23 33 23
28 12 5
25 43
24 2 1
11 25 17
10 2 5
23 7 8
12 1 1
22 18 1
5 16 1
22 24 1
20 2 22
18 14 13
4 16 1
23 15 13
2 13 1
10 20 22
18 20 1
14 15 13
12 21 1
1 19 1
25 12 17
19 2 22
3 1 1
4 18 1
14 8 8
1 10 1
12 7 13
13 22 1
4 15 1
19 3 22
16 8 13
5 18 1
3 5 22
22 25 1
14 23 8
2 17 1
14 13 13
22 24 1
20 1 1
15 4 1
25 11 17
1 3 1
12 25 17
14 10 1
11 4 1
31 63
13 21 23
24 21 16
9 25 16
3 22 16
1 19 23
3 19 23
9 23 23
9 4 16
14 21 23
11 13 23
19 26 16
11 8 23
18 17 16
11 24 16
12 13 23
31 15 16
2 25 16
16 20 16
16 10 16
28 1 16
7 22 16
5 9 16
30 13 10
31 1 10
28 16 16
4 3 16
11 6 23
5 17 17
24 11 16
7 31 10
4 16 16
2 6 23
3 22 16
17 16 16
18 6 23
24 28 28
8 2 2
7 24 16
25 23 16
16 27 16
30 13 10
2 7 23
29 23 23
29 15 16
14 12 23
3 30 23
29 31 29
26 31 16
5 30 16
31 12 23
26 1 16
25 19 16
6 5 16
1 30 20
4 31 16
21 22 16
5 22 20
13 9 7
7 12 23
8 24 16
20 8 16
24 13 16
5 30 16
60 120
55 42 25
45 22 25
46 6 4
1 11 25
30 33 25
35 5 25
25 20 25
25 23 25
43 51 4
37 58 9
34 49 9
19 34 45
27 6 4
35 48 4
47 36 25
17 30 25
1 59 25
23 21 25
49 48 4
60 6 4
58 8 4
51 47 25
17 5 17
8 50 4
32 19 4
56 25 25
17 25 25
3 10 25
34 57 9
17 45 25
60 26 25
13 27 25
31 20 4
26 24 25
42 35 4
46 4 4
8 27 4
21 9 25
12 30 4
60 35 35
2 60 4
32 6 32
52 58 9
38 19 25
34 14 25
29 47 25
7 57 7
5 38 17
54 56 4
12 4 4
29 30 4
29 35 4
53 3 25
47 22 25
41 54 25
52 24 4
11 44 25
16 38 17
43 9 9
37 4 4
56 18 25
46 36 36
43 13 25
30 13 25
4 10 4
27 29 9
46 14 25
53 42 25
33 2 25
58 60 4
33 15 25
9 41 25
42 1 4
49 23 9
47 43 25
9 57 9
17 60 25
8 58 4
23 52 9
7 4 4
48 35 4
51 34 4
42 48 4
25 21 25
31 51 4
13 39 25
13 53 13
27 21 25
54 42 4
38 40 55
59 42 25
44 56 4
53 30 25
41 8 25
28 22 25
5 11 25
16 17 17
11 3 25
50 59 25
25 33 25
38 2 25
4 59 25
1 19 4
32 50 4
54 13 25
9 52 9
3 39 25
26 46 25
28 42 25
18 48 25
7 2 2
41 6 25
32 4 4
22 35 25
28 20 25
7 3 25
47 58 25
21 34 25
8 20 8
51 5 25
8 28
5 4 8
3 4 8
4 5 8
4 8 8
3 5 8
2 8 8
6 1 8
4 3 8
3 8 8
3 6 6
7 1 8
6 2 6
3 8 8
7 6 8
2 7 8
4 2 8
2 1 8
7 4 8
2 7 8
5 3 8
5 7 7
3 8 8
2 3 6
1 5 8
1 8 8
7 3 8
4 8 8
4 3 8
60 120
14 1 13
50 14 23
1 34 57
31 21 57
34 52 57
51 42 22
60 21 22
21 45 13
52 20 13
34 46 57
3 33 13
41 58 13
26 39 13
16 32 13
36 48 13
19 9 22
47 44 22
57 8 13
40 23 13
16 30 22
38 49 13
28 22 22
51 16 22
40 41 22
24 42 57
9 59 13
19 42 57
44 8 13
29 59 13
21 48 22
55 16 22
51 19 22
34 5 13
41 36 13
33 60 13
21 33 13
39 20 13
32 33 23
3 41 6
42 21 42
18 45 13
17 55 13
9 48 9
14 22 13
33 56 13
1 47 6
48 33 13
32 9 13
50 22 13
17 53 13
54 44 22
16 41 22
52 44 22
60 52 22
56 50 13
33 21 13
47 7 22
37 9 9
39 24 22
3 56 22
28 43 28
53 27 13
23 2 23
23 39 13
15 13 13
59 16 13
40 44 16
9 18 22
10 27 13
46 51 22
40 59 13
10 27 13
3 7 22
11 50 13
14 40 13
14 21 13
13 15 13
15 25 13
44 46 22
34 5 13
42 27 13
38 47 22
20 55 13
14 15 59
2 59 23
52 35 22
54 43 6
32 13 13
30 49 13
35 52 22
55 2 13
49 26 36
44 4 13
25 22 22
55 36 13
46 3 6
52 26 13
42 11 22
55 12 22
4 1 13
32 30 13
3 46 6
59 56 13
42 59 13
51 29 22
15 1 13
52 33 13
46 7 22
10 8 13
24 44 22
53 13 13
35 22 22
45 43 13
18 3 6
33 23 23
3 58 13
46 7 22
58 42 13
54 31 6
1 34 57
11 74
10 5 2
9 3 9
1 10 1
6 4 2
5 2 2
8 9 9
11 7 11
9 4 2
7 2 2
6 5 9
10 3 2
9 3 9
2 5 2
4 8 2
9 11 9
11 5 5
11 9 9
11 4 2
9 1 2
11 9 9
7 11 11
9 11 9
4 1 4
6 2 2
9 10 2
11 5 5
5 8 8
5 2 2
1 4 4
7 3 9
8 9 9
7 1 2
5 6 9
8 3 9
3 5 9
3 10 2
6 7 9
11 7 11
5 7 5
1 11 2
2 3 2
6 3 6
9 4 2
2 3 2
11 7 11
8 2 2
8 2 2
8 11 8
7 3 9
8 4 2
11 7 11
11 5 5
11 6 9
2 7 2
3 9 9
9 11 9
5 1 2
10 4 4
6 5 9
4 9 2
11 6 9
10 7 2
1 8 2
2 10 2
2 7 2
3 9 9
4 2 2
6 11 9
6 1 2
10 11 2
6 1 2
6 7 9
8 4 2
3 7 9
32 85
22 12 7
6 19 7
11 16 7
25 3 7
5 17 7
8 13 7
17 14 7
28 11 7
13 5 7
9 8 7
29 22 8
3 27 7
24 14 7
27 10 7
22 5 7
14 2 2
31 27 7
24 10 7
20 31 7
8 11 7
26 15 25
32 18 25
31 19 25
15 8 7
8 23 7
5 27 7
20 8 7
31 10 25
26 1 7
28 11 7
19 14 32
27 9 7
23 27 7
18 26 26
20 10 7
6 21 7
18 16 25
28 13 7
22 31 7
7 13 7
21 6 7
21 15 15
11 29 7
7 21 7
11 12 7
32 2 32
31 6 7
29 8 8
2 29 7
24 6 7
10 6 7
26 10 25
11 20 7
30 29 8
2 32 32
19 30 7
1 31 7
16 4 7
32 19 32
7 31 7
25 26 25
13 15 7
10 19 12
10 15 25
6 4 7
18 4 7
6 3 6
31 5 5
4 23 7
5 17 7
9 2 7
25 29 7
21 27 7
28 17 7
30 32 7
26 15 25
8 10 7
22 19 7
23 32 32
15 17 7
20 28 7
26 8 7
22 24 22
11 31 7
19 15 25
6 3
2 4 3
6 5 4
1 2 6
36 12
31 26 11
14 10 28
6 34 28
17 26 28
31 21 28
21 33 24
19 5 28
19 21 26
1 2 28
9 22 26
22 10 28
33 34 18
11 75
7 5 3
8 11 1
7 6 1
1 10 1
1 10 1
5 6 3
4 5 3
1 2 1
4 3 3
6 3 3
5 6 3
3 11 3
10 3 3
6 4 1
3 9 3
3 11 3
4 5 3
2 7 1
1 3 3
2 10 1
2 11 1
10 5 3
11 8 1
3 11 3
8 6 8
7 11 11
3 6 3
5 3 3
4 7 4
5 1 3
5 2 3
6 10 1
1 10 1
4 5 3
11 5 3
8 10 1
2 3 3
10 11 11
1 10 1
10 1 1
2 1 1
3 6 3
8 1 1
5 7 3
10 9 1
5 6 3
2 9 1
10 4 4
5 8 3
5 2 3
10 5 3
1 10 1
10 6 1
7 4 4
10 6 1
8 11 1
8 1 1
8 2 8
2 1 1
2 5 3
3 11 3
5 8 3
10 5 3
9 5 3
11 9 1
5 2 3
7 1 1
2 1 1
10 9 1
4 2 1
10 2 1
3 10 3
4 6 1
8 5 3
3 6 3
35 92
15 25 25
6 35 25
1 7 25
7 2 2
33 4 25
16 9 25
1 7 25
1 19 25
34 31 25
25 9 22
25 15 25
5 15 25
13 12 25
34 14 25
12 16 25
15 8 15
4 22 25
18 27 25
27 21 14
14 32 25
26 25 25
20 19 25
3 24 24
16 31 25
35 34 25
30 21 25
9 10 25
25 34 25
9 31 21
16 5 14
17 6 17
33 2 25
33 26 25
16 24 24
34 30 25
34 27 15
30 28 28
24 9 25
28 17 25
20 10 25
18 16 25
5 7 25
19 1 25
16 26 25
31 35 25
27 31 25
30 24 25
16 21 25
19 20 25
3 9 25
1 4 18
23 13 13
18 1 18
10 27 25
8 20 25
29 30 28
19 3 24
23 1 21
12 7 25
24 5 25
3 35 24
24 10 24
21 32 21
11 28 25
3 25 25
22 7 25
34 20 25
4 30 25
20 29 25
22 7 25
7 30 7
7 29 28
12 26 25
15 3 25
34 6 25
3 1 25
4 3 25
3 23 25
19 25 25
19 18 25
10 1 25
6 31 25
26 13 25
6 21 25
31 26 25
34 5 11
18 15 25
11 34 25
18 34 25
16 29 25
18 22 25
32 9 21
50 107
27 31 10
19 39 1
20 31 49
15 9 10
36 19 19
36 20 10
1 13 10
46 29 10
25 14 10
10 8 10
32 24 49
15 5 10
47 31 49
5 36 19
7 26 10
41 35 19
8 49 10
15 17 10
26 37 10
6 8 10
13 1 10
42 33 1
22 38 10
28 50 1
33 25 10
44 20 10
44 47 10
7 31 10
1 4 10
29 25 47
14 36 10
3 43 1
4 2 10
31 29 49
37 24 47
9 42 1
30 47 10
15 34 10
9 33 1
38 42 1
29 9 10
11 10 10
6 12 4
19 38 1
3 22 10
36 13 10
35 11 1
44 50 11
32 10 10
24 11 10
17 28 17
49 9 10
9 5 1
46 13 10
40 15 10
39 47 10
15 2 10
38 27 1
31 9 10
29 32 49
8 37 10
11 6 10
10 23 10
7 47 10
40 26 1
14 18 10
13 28 10
49 1 10
30 48 10
20 17 10
5 34 19
49 41 10
37 13 10
30 35 19
49 32 49
8 35 10
8 7 10
16 33 10
31 22 49
47 43 10
40 48 10
4 42 10
32 30 10
9 20 10
25 23 10
28 10 10
32 42 10
3 24 10
25 50 10
27 40 1
23 47 10
27 38 1
48 10 10
42 5 19
35 44 1
36 2 19
26 48 10
31 49 49
22 12 22
34 29 10
28 15 10
5 24 10
50 6 10
30 15 10
35 4 10
34 26 1
8 18 10
20 86
19 12 9
19 7 5
10 4 15
15 2 17
12 14 9
18 6 9
4 20 9
2 4 17
17 11 9
2 20 9
1 16 5
9 3 9
3 15 15
3 17 17
2 11 9
5 3 9
14 11 11
11 6 9
20 16 14
18 2 9
14 12 9
4 20 9
18 11 9
16 20 14
18 1 9
12 7 9
10 18 9
5 19 5
14 10 9
14 2 9
11 4 9
16 19 5
12 20 9
14 1 5
1 11 5
15 3 15
7 4 9
19 15 9
20 1 5
13 14 9
11 7 5
1 13 9
2 13 17
20 17 9
12 9 9
20 11 11
11 5 5
3 13 15
5 15 9
12 15 15
20 1 5
11 9 9
15 13 15
8 15 15
4 10 15
1 12 9
1 12 9
2 9 9
9 3 9
9 12 9
2 16 9
12 2 17
10 6 9
3 15 15
17 18 9
16 2 9
18 11 9
9 5 9
19 14 5
3 8 15
3 6 9
10 19 9
15 12 15
4 3 4
15 4 15
4 5 9
4 18 9
5 14 5
16 18 9
5 9 9
3 15 15
17 5 9
14 1 5
20 19 5
13 9 9
10 7 9
20 30
8 6 8
14 5 4
18 15 4
7 6 8
12 16 4
9 15 4
18 2 4
8 13 8
14 17 4
2 8 8
2 20 17
12 10 4
1 3 4
5 3 4
5 2 4
19 16 4
7 9 4
3 10 3
5 11 5
13 6 6
6 9 4
18 20 4
5 18 4
8 14 4
6 9 4
16 3 3
15 20 8
10 18 18
16 9 4
11 18 4
11 78
1 2 8
5 7 8
2 6 2
3 9 8
3 9 8
5 7 8
3 7 8
10 9 9
7 5 8
8 7 8
5 9 8
9 6 6
11 9 8
11 2 8
9 6 6
7 4 8
5 6 8
1 2 8
2 10 2
3 1 8
11 3 4
6 9 6
3 5 8
10 6 6
7 1 8
11 1 8
8 10 8
7 10 6
4 5 8
9 11 8
1 4 8
9 7 6
1 2 8
11 8 8
4 10 8
1 10 8
1 8 8
10 7 6
5 1 1
5 7 8
9 1 8
6 8 8
5 10 8
11 1 8
7 11 8
2 3 8
2 4 8
8 1 8
10 9 9
6 10 6
2 6 2
6 8 8
9 11 8
1 5 1
2 9 2
8 3 8
6 1 8
11 5 8
8 7 8
6 7 6
7 9 6
2 7 2
10 9 9
3 7 8
5 10 8
7 3 8
7 4 8
1 2 8
7 10 6
1 4 1
7 8 8
4 10 8
2 5 8
4 2 8
4 3 4
11 10 8
8 5 8
7 6 6
22 96
4 7 20
5 2 21
16 15 20
13 8 14
21 10 20
9 6 14
10 1 1
11 13 14
7 5 12
18 13 20
9 12 20
18 6 20
19 4 14
14 5 20
2 17 20
10 20 20
11 13 14
5 2 21
20 1 20
2 12 21
20 14 20
22 5 20
14 3 14
15 3 20
4 3 14
15 20 20
11 5 20
4 15 7
9 15 20
18 9 12
15 1 20
16 12 20
12 15 21
11 4 14
21 13 20
5 9 20
1 4 14
2 3 20
17 22 22
12 15 21
3 17 14
19 3 1
3 2 20
14 12 20
19 4 14
12 13 20
21 1 20
3 18 20
3 15 20
15 10 20
16 11 14
4 8 14
10 8 14
14 5 20
10 9 14
4 1 14
9 2 18
7 12 12
18 10 20
16 13 14
18 16 20
15 22 20
11 3 11
21 12 21
21 16 20
19 15 20
11 19 1
2 20 20
6 12 20
19 1 1
17 8 14
2 8 20
11 6 1
21 20 20
14 12 20
13 5 20
9 11 14
18 8 20
20 11 9
3 22 14
22 10 14
20 21 20
16 14 14
2 19 20
14 8 14
13 10 14
18 7 21
20 7 20
15 13 20
13 21 20
11 14 14
20 5 20
16 7 20
18 11 20
1 3 1
15 18 15
53 88
8 3 19
52 26 19
9 17 19
10 15 19
2 38 19
45 9 19
23 1 47
3 45 37
27 44 27
3 29 27
41 10 34
51 11 27
25 32 19
42 49 27
44 8 19
37 44 37
32 6 6
52 23 19
15 45 19
40 51 19
45 43 43
27 45 27
18 52 19
1 22 19
40 32 19
49 26 19
22 15 22
50 39 39
29 15 19
20 28 19
29 51 27
42 21 19
9 39 34
17 30 27
20 40 48
18 38 19
39 22 19
28 19 19
26 31 19
7 5 47
29 18 19
34 16 34
41 21 19
2 38 19
5 49 19
34 50 34
10 39 34
22 2 19
52 51 52
9 36 19
38 5 19
51 4 37
39 7 34
21 44 19
21 50 19
38 44 32
36 20 19
9 39 34
46 39 19
26 2 2
51 44 37
31 35 34
41 23 41
53 27 27
3 10 19
47 4 19
9 48 48
19 28 19
2 6 19
2 47 19
48 13 34
14 30 19
31 32 19
14 29 19
51 18 19
38 39 19
2 53 19
6 13 19
48 3 19
7 34 34
26 7 19
18 38 19
11 2 19
43 27 27
49 52 27
39 1 34
15 26 19
39 40 34
27 79
17 27 26
24 12 27
11 27 27
14 12 26
24 25 26
24 21 10
20 18 27
22 21 26
27 10 26
9 8 27
24 5 26
17 24 26
12 4 26
26 18 26
21 3 26
16 13 13
9 19 27
27 16 27
17 1 26
12 13 7
15 10 26
9 12 27
1 14 26
27 10 26
24 25 26
7 19 8
15 2 27
9 8 27
9 5 26
17 3 17
26 7 1
26 23 26
14 9 26
7 14 26
19 25 26
18 7 27
26 6 26
27 15 27
22 23 26
26 21 11
6 17 26
6 7 6
15 14 26
23 25 26
2 1 27
27 24 27
5 8 26
16 15 27
18 13 27
14 23 26
10 3 17
23 16 13
19 27 27
24 11 27
11 1 27
20 15 27
9 12 27
7 9 27
23 15 27
19 15 27
24 8 27
22 27 26
27 13 27
3 11 26
20 2 27
21 24 27
24 17 26
21 5 26
14 12 26
25 10 17
16 19 27
3 10 17
3 20 26
12 13 7
8 9 27
12 22 26
25 20 26
13 2 10
8 15 27
44 104
12 43 39
2 24 8
32 12 39
16 10 39
24 14 8
32 11 15
1 32 39
37 9 39
6 20 39
4 35 28
36 28 39
36 27 27
13 19 8
31 8 8
16 11 8
9 26 18
13 30 39
22 13 39
4 17 18
33 42 5
18 10 39
14 24 8
40 1 1
2 12 8
8 15 8
32 5 39
43 20 39
41 43 10
22 23 39
4 20 8
8 16 8
10 7 39
6 17 39
14 43 39
25 38 39
34 40 8
22 37 39
18 22 39
11 24 8
3 35 39
37 41 39
25 9 39
32 37 39
4 31 28
5 27 39
7 16 8
27 18 9
3 28 39
14 33 34
3 24 39
10 30 29
24 6 39
44 21 39
32 10 29
19 44 8
23 15 15
32 36 29
39 30 39
13 14 8
24 26 8
24 2 8
44 15 8
36 34 39
44 1 28
22 5 39
5 31 9
9 10 39
18 43 29
23 26 8
41 3 29
36 33 39
34 26 8
31 5 28
8 30 39
14 36 39
28 22 39
6 27 27
26 12 18
33 9 8
34 1 8
26 38 18
40 13 8
1 34 8
4 13 8
16 1 8
39 9 39
42 9 39
44 28 28
19 5 8
4 10 39
43 44 39
13 5 12
31 19 8
2 44 8
17 33 8
33 29 39
23 9 8
41 17 39
41 21 41
19 37 39
20 39 39
39 34 39
8 14 8
31 5 28
57 12
57 41 37
25 31 37
29 24 37
5 6 37
51 22 37
47 5 37
41 27 37
20 26 37
26 3 37
57 40 57
30 13 55
20 49 6
51 12
40 46 49
22 23 49
20 18 2
51 11 2
32 49 2
3 31 31
40 41 16
6 49 2
44 40 2
21 30 2
8 48 2
51 9 18
18 106
2 10 2
2 5 2
13 4 4
11 1 15
15 1 15
7 15 15
10 18 15
7 15 15
17 5 15
18 13 6
10 9 15
12 2 2
18 5 5
11 3 15
4 14 15
4 10 15
16 13 6
5 18 5
9 13 6
15 2 2
18 3 5
1 11 15
17 14 15
7 10 15
11 18 15
3 14 15
15 7 15
17 12 15
2 15 2
16 3 6
7 5 7
14 5 15
16 18 6
18 4 6
18 9 6
2 4 2
16 13 6
16 13 6
18 13 6
10 3 15
8 3 7
15 5 15
18 12 6
9 11 15
14 11 15
7 11 15
6 9 6
2 11 2
5 16 6
6 10 15
14 12 15
5 11 15
3 11 15
15 9 15
6 10 15
1 8 15
10 16 15
10 2 2
13 15 15
7 13 7
3 1 15
8 5 7
1 14 14
6 8 7
18 1 15
9 2 2
17 6 15
5 6 6
11 12 15
2 15 2
8 4 7
7 17 15
12 3 6
7 5 7
12 1 15
5 16 6
5 7 7
3 13 6
14 15 15
5 13 6
11 6 15
5 16 6
5 4 6
9 16 12
13 7 7
2 18 2
6 3 6
5 14 15
15 12 15
7 16 7
14 1 14
8 7 7
1 13 15
1 2 2
13 8 7
11 7 15
16 14 15
14 11 15
18 6 6
4 15 15
18 1 15
3 18 5
11 17 10
18 13 6
7 17 15
2 7 2
8 42
8 1 1
6 7 1
5 2 5
1 3 1
3 6 1
5 4 1
5 7 5
5 8 1
2 4 1
6 7 1
6 3 1
4 6 6
1 8 1
4 1 1
5 8 1
1 6 1
5 1 1
7 6 1
5 2 5
1 5 1
5 3 5
7 1 1
1 3 1
7 2 2
2 5 5
6 2 1
1 5 1
6 5 1
6 7 1
4 1 1
5 2 5
7 2 2
3 4 1
6 3 1
3 7 2
4 1 1
2 3 2
7 6 1
4 1 1
2 6 1
7 8 1
4 6 6
41 74
8 32 41
38 13 41
35 27 13
8 17 13
28 7 41
3 16 41
4 3 41
35 30 30
27 12 41
10 14 40
37 10 41
25 28 41
35 24 41
7 8 13
23 25 13
8 21 13
4 22 41
18 24 41
36 8 41
11 32 41
10 11 41
35 18 41
30 16 13
22 39 41
13 23 13
11 36 41
12 34 41
1 33 39
18 1 40
16 27 13
11 27 41
13 33 41
26 36 41
11 37 34
26 25 41
18 26 40
15 9 41
21 26 41
5 2 39
10 18 40
35 8 13
29 2 29
39 33 39
18 19 41
40 2 40
39 21 41
8 20 41
33 21 41
37 12 41
9 4 9
1 29 39
4 26 40
15 23 41
39 28 39
36 39 41
13 17 13
19 15 41
15 32 41
9 5 9
21 41 41
26 1 40
29 26 40
17 1 41
7 32 41
37 7 41
37 41 41
16 21 13
34 12 41
29 24 41
9 23 41
23 37 41
12 27 41
19 26 41
7 2 41
4 2
2 1 2
1 4 3
20 102
13 2 2
1 17 5
8 9 5
17 1 5
1 3 12
1 18 18
17 15 5
14 12 5
17 1 5
20 19 5
11 15 5
3 7 7
12 5 5
13 1 12
15 12 12
18 11 5
8 18 18
16 13 5
11 10 5
19 6 5
16 14 19
12 3 12
9 19 19
6 19 5
5 7 5
1 20 12
13 3 2
8 3 12
11 1 5
20 15 12
3 1 12
4 13 5
18 6 18
1 16 5
11 10 5
10 5 5
19 1 5
11 18 5
1 19 5
4 3 5
15 20 12
18 5 5
19 1 5
3 10 12
16 1 5
4 11 19
8 20 12
6 12 12
13 15 12
20 15 12
6 9 5
5 13 5
4 19 19
19 6 5
11 16 17
20 1 12
9 17 17
2 17 5
7 14 5
12 16 5
9 10 5
9 16 17
16 19 19
14 4 4
10 11 5
12 7 12
20 7 2
16 7 5
15 6 12
1 9 5
17 20 5
11 10 5
10 16 5
1 18 18
15 7 12
1 17 5
16 13 5
12 17 5
11 2 5
16 10 5
3 8 12
5 13 5
2 19 5
17 20 5
1 10 10
15 19 5
19 7 5
12 7 12
6 7 7
3 17 5
3 16 5
17 14 19
15 5 5
5 14 5
1 19 5
13 2 2
8 15 10
10 6 12
1 3 12
2 5 5
20 16 5
20 18 18
47 20
25 12 12
41 45 2
17 2 2
24 23 2
34 40 44
29 32 47
35 45 2
22 23 2
10 32 2
29 27 2
43 46 2
36 43 2
15 10 2
34 15 47
19 15 2
26 13 2
5 46 2
4 19 2
11 47 2
1 5 2
60 120
12 15 3
4 26 58
17 24 3
56 40 12
47 22 3
60 57 3
23 45 3
60 4 58
37 28 52
60 52 52
47 5 3
44 10 52
45 22 3
18 21 3
46 18 3
49 40 52
43 19 19
3 14 3
34 56 48
59 8 48
9 17 3
11 39 3
10 12 3
39 6 3
50 24 58
18 54 3
39 54 3
13 5 5
12 37 3
48 32 3
58 60 58
54 51 58
13 5 5
54 36 48
48 20 48
15 29 52
12 46 3
44 48 48
6 52 52
16 6 52
7 11 3
43 10 48
14 55 14
11 36 3
7 8 48
32 23 3
45 36 3
57 55 3
56 44 48
21 16 58
57 32 3
37 23 52
40 27 3
28 20 52
55 29 3
33 52 52
28 24 58
25 38 48
2 45 3
14 55 14
52 42 52
12 3 3
4 22 3
3 47 3
16 25 48
14 22 9
39 9 30
35 17 3
20 9 3
30 11 3
51 23 51
7 60 58
37 35 29
31 39 3
42 17 3
32 25 3
46 58 3
22 54 3
25 3 3
8 17 3
9 3 3
40 32 3
7 59 58
30 20 52
40 50 52
28 35 52
2 25 48
38 47 3
60 49 58
35 41 29
31 48 48
6 12 3
54 40 52
41 33 52
59 28 58
33 47 3
15 13 52
43 14 3
58 34 58
20 37 52
56 33 48
30 37 52
20 48 48
60 34 58
24 13 52
25 34 48
38 59 48
41 11 3
40 22 3
50 47 3
57 43 39
43 16 48
34 60 58
19 56 19
50 31 52
21 57 3
33 57 3
11 58 3
6 31 29
11 32 3
12 9
1 5 7
11 2 6
9 4 12
8 12 6
10 1 7
4 3 12
3 10 6
8 11 8
2 5 10
56 84
8 40 6
7 51 6
36 27 6
38 17 55
3 19 6
35 52 6
25 53 12
14 41 6
49 39 49
39 56 39
3 1 3
50 26 6
29 44 6
4 26 6
52 6 6
37 29 54
18 52 22
5 25 6
54 31 6
40 17 6
49 15 6
36 22 6
45 2 6
8 15 6
14 13 6
21 18 22
42 49 6
6 32 6
18 31 6
33 12 6
9 12 6
28 44 6
9 21 6
43 22 6
33 35 44
8 13 55
41 39 6
51 55 55
39 32 6
34 41 6
18 28 6
47 18 6
8 33 6
15 39 6
10 48 10
23 51 6
3 20 6
15 50 6
31 40 6
16 9 6
46 52 54
15 48 6
13 33 6
10 23 6
31 52 6
48 9 6
39 2 6
6 21 6
33 4 44
29 12 6
1 22 6
40 26 6
31 20 6
49 55 55
46 31 6
53 27 6
51 27 6
29 37 54
41 19 6
50 45 6
41 37 54
8 1 55
12 22 6
31 15 6
54 13 6
30 24 6
22 20 54
41 15 6
50 22 6
36 56 6
29 26 6
39 41 6
35 30 44
26 3 55
47 39
35 14 20
8 1 20
10 42 20
12 42 20
43 31 20
17 36 20
7 37 46
9 41 46
7 21 46
13 30 46
40 24 20
47 35 20
30 8 20
4 8 20
20 15 20
47 44 20
28 46 20
45 14 20
40 46 46
7 10 20
34 4 20
16 10 16
40 16 20
1 6 20
16 26 20
40 46 46
25 41 20
23 14 20
11 32 46
12 20 20
12 9 20
25 11 20
24 14 20
3 17 20
12 32 20
7 33 20
47 22 20
29 39 46
1 6 20
56 118
11 31 26
15 27 43
34 41 43
40 22 43
23 42 43
43 25 43
7 28 43
29 23 43
18 27 43
17 27 43
2 44 43
47 22 43
35 15 43
23 55 26
26 38 43
45 41 43
24 19 43
36 32 43
22 29 9
5 51 34
24 27 43
39 51 43
44 30 43
13 26 26
26 11 26
45 53 34
43 39 43
5 18 9
43 32 43
22 18 9
8 18 9
51 7 9
26 15 43
32 15 9
51 29 9
12 38 9
23 12 43
41 31 26
42 5 34
33 4 43
30 27 43
32 49 43
28 21 43
30 28 28
23 26 26
28 23 43
15 11 43
28 4 43
1 51 43
10 7 43
41 26 26
39 32 43
9 5 9
2 22 43
49 39 21
31 20 43
7 20 9
2 23 43
30 56 43
42 29 9
25 11 26
56 47 43
38 47 43
46 49 43
15 48 43
28 24 43
1 15 43
12 21 43
24 30 43
28 3 43
48 27 26
11 23 26
27 12 43
26 25 26
33 47 43
28 17 43
49 9 43
55 42 43
31 20 43
25 17 43
27 39 26
6 15 34
11 29 43
21 8 43
40 33 26
40 33 26
51 46 34
23 21 26
1 49 26
27 1 26
25 40 26
9 14 9
36 52 21
13 45 43
21 39 21
1 17 43
9 39 43
13 16 26
38 17 9
54 50 43
5 13 43
25 48 26
17 8 34
46 45 34
14 53 34
39 16 26
13 3 13
4 39 43
22 21 43
6 52 43
35 50 43
54 33 43
23 46 43
50 39 43
4 10 43
4 40 43
32 16 43
45 55 43
53 90
13 2 19
10 43 19
40 33 40
33 49 38
35 30 19
23 44 42
34 16 19
47 31 38
48 42 48
52 27 49
45 30 19
40 52 38
31 51 38
18 8 48
23 24 48
46 52 19
51 37 19
20 32 19
12 14 19
40 45 48
6 20 19
7 52 38
40 18 48
49 36 38
20 23 19
9 17 19
24 29 48
3 2 7
43 12 19
9 33 42
19 30 19
14 11 19
11 45 48
3 36 38
32 25 48
8 38 38
12 28 48
42 41 19
22 33 38
36 52 38
2 11 7
3 42 42
14 28 19
51 5 48
36 6 38
14 32 19
38 35 42
15 45 48
30 35 19
12 3 48
20 52 19
44 20 19
36 47 36
37 23 19
40 53 19
14 27 19
44 19 19
4 51 38
9 37 19
13 30 19
12 23 48
28 45 48
5 12 5
49 27 49
53 6 19
22 44 38
18 19 19
45 3 48
1 32 48
47 31 38
47 5 48
9 51 42
16 41 19
51 46 19
21 51 48
40 9 42
34 28 26
41 5 19
2 7 7
33 50 38
47 42 42
25 45 48
12 15 48
6 39 42
21 28 48
34 37 19
8 39 42
45 49 48
25 9 42
49 37 19
13 32
7 9 1
6 7 6
5 11 11
12 11 12
6 4 6
6 9 6
3 5 1
12 8 12
1 11 1
8 2 12
10 6 6
5 13 5
6 8 11
4 1 1
7 6 6
6 4 6
2 9 12
10 2 12
4 10 6
11 5 5
13 9 1
9 13 1
2 6 12
8 9 1
4 5 5
4 9 2
8 1 1
9 1 1
13 2 2
1 6 6
9 3 3
8 13 1
32 100
1 26 5
28 14 6
32 7 5
3 4 5
19 9 22
29 16 5
27 8 5
6 12 22
32 18 5
29 5 5
12 15 5
32 9 5
8 9 5
30 9 22
32 24 5
12 29 5
22 19 25
24 14 6
21 4 5
12 24 5
4 32 5
24 23 6
19 22 22
3 24 6
17 27 17
32 20 5
12 21 29
24 16 5
19 21 22
5 15 13
18 8 5
7 24 22
11 25 3
27 5 5
15 2 5
1 5 5
26 21 5
7 5 5
4 2 5
7 20 22
26 12 18
30 21 22
6 28 6
16 17 5
1 22 31
29 30 11
30 2 22
26 15 5
7 25 5
30 16 5
2 29 22
17 2 22
31 15 5
30 23 6
9 13 22
28 29 22
4 21 5
20 13 20
9 3 6
27 20 22
23 13 6
12 27 5
17 5 5
13 10 6
6 4 5
29 32 5
11 21 11
30 18 22
13 8 5
6 15 5
18 27 17
30 27 22
19 30 22
19 9 22
26 7 5
6 26 5
26 19 5
2 5 5
2 30 22
10 18 6
31 28 22
9 17 22
5 22 5
31 11 22
32 5 5
10 16 5
5 32 5
15 8 8
27 12 5
4 13 5
11 4 5
17 13 22
8 3 5
17 27 17
11 27 22
13 19 22
2 28 22
14 16 5
10 20 6
3 26 5
59 31
11 28 8
31 6 8
1 26 8
34 33 8
17 40 8
13 41 8
55 1 5
13 55 8
55 11 8
43 10 21
21 6 16
27 33 27
8 57 8
46 26 8
41 49 8
23 58 8
4 35 53
17 53 8
23 41 8
52 41 52
3 42 8
12 45 8
43 16 8
30 9 8
14 42 53
37 38 8
57 33 27
36 34 8
20 1 8
54 55 55
53 33 8
9 36
8 7 1
8 1 1
9 7 1
5 9 1
7 6 6
6 1 1
2 1 1
6 2 1
6 2 1
5 8 1
5 3 5
3 8 1
1 3 1
5 8 1
8 4 1
1 3 1
7 3 5
6 7 6
8 1 1
8 3 1
3 8 1
3 6 5
1 3 1
9 4 1
2 6 1
4 9 1
7 1 1
7 2 1
3 6 5
3 5 5
3 1 1
4 6 5
2 3 1
2 9 9
5 3 5
4 6 5
19 83
19 16 7
10 18 18
17 16 7
14 4 7
9 8 7
13 9 7
19 4 7
16 7 7
4 19 7
16 18 7
15 9 15
9 13 7
13 14 7
18 16 7
1 10 18
16 7 7
16 6 4
7 5 7
9 10 7
18 12 7
15 11 7
2 11 2
17 10 2
4 18 7
1 17 2
8 4 7
16 12 4
15 14 7
15 9 15
6 17 7
2 14 13
6 1 7
10 2 2
18 14 2
3 13 16
10 14 2
6 2 7
13 6 7
18 12 4
17 14 14
2 3 7
2 18 2
6 13 7
12 9 4
6 10 7
14 1 2
18 17 2
7 13 7
9 11 7
11 13 7
15 10 7
16 2 7
8 18 18
11 2 2
9 6 4
5 8 7
15 14 7
13 11 7
13 14 7
16 15 4
9 3 19
4 5 7
18 1 18
16 18 7
19 4 7
11 6 7
16 19 7
17 7 7
19 16 7
11 1 2
19 5 7
13 15 7
8 12 7
13 6 7
12 18 7
1 3 7
4 3 4
9 17 7
9 2 7
11 19 2
19 7 7
1 5 7
12 16 4
31 63
7 17 20
5 26 3
18 5 17
10 12 3
17 15 15
19 26 3
2 1 2
22 30 26
8 16 15
3 6 3
16 3 3
8 10 10
3 31 3
8 29 3
9 13 13
11 4 20
8 28 15
30 4 3
11 4 20
24 5 17
9 28 15
25 27 30
2 31 3
1 11 20
7 21 3
22 3 3
27 5 3
9 18 17
11 10 15
24 12 3
31 3 3
26 27 26
11 23 20
31 4 3
17 22 3
4 7 20
12 25 3
8 5 15
16 4 20
14 22 3
5 12 3
27 17 3
17 25 3
25 28 3
3 17 3
13 26 3
14 28 15
17 29 3
4 5 20
22 9 3
29 25 25
27 2 3
25 14 3
11 28 15
4 15 20
6 19 3
23 31 3
10 24 15
7 14 20
28 31 3
5 22 3
31 8 3
29 1 3
50 80
36 16 36
43 3 11
49 32 32
8 49 49
5 19 5
42 38 36
19 27 11
18 6 11
15 35 11
26 4 26
20 48 11
2 38 11
41 42 36
28 30 11
13 46 11
39 17 17
45 34 34
11 48 11
18 16 18
15 13 32
13 1 11
24 13 11
27 30 32
29 11 36
3 50 32
13 32 32
45 38 11
47 46 21
5 41 34
23 22 36
1 24 26
21 31 11
41 42 36
50 5 11
49 32 32
28 8 11
34 1 11
2 24 26
49 38 49
45 9 11
1 16 11
29 28 36
36 35 36
37 6 11
23 11 11
19 37 11
29 16 36
50 46 11
3 30 32
33 35 28
32 4 11
31 38 13
13 37 37
39 7 11
17 30 32
18 44 11
37 7 11
23 40 11
34 9 11
46 48 11
49 40 49
11 39 11
32 23 11
21 29 36
28 31 11
28 5 11
14 36 36
42 33 36
23 36 36
42 47 36
24 40 11
2 13 11
6 40 11
4 31 11
12 38 11
24 50 11
18 12 11
39 10 11
23 41 34
14 34 11
14 60
5 1 13
5 3 13
14 2 13
6 2 2
6 11 13
2 1 2
8 14 12
7 3 13
5 13 13
13 6 13
4 1 13
14 5 12
3 10 13
13 14 13
1 8 13
8 11 8
14 7 12
5 12 12
2 11 13
1 9 13
7 8 8
7 5 5
12 6 13
2 5 13
14 11 12
12 2 13
9 10 8
11 5 5
14 3 13
3 11 13
3 4 13
13 6 13
14 10 12
3 11 13
9 1 13
9 2 13
12 5 12
8 4 12
11 6 13
8 2 13
1 10 13
7 8 8
6 9 13
12 11 12
14 5 12
8 4 12
7 6 13
3 6 3
4 8 12
6 3 3
10 4 12
2 12 13
4 5 12
2 7 13
4 2 13
2 7 13
4 1 13
9 6 6
2 9 10
10 8 3
7 74
7 2 7
2 7 7
5 1 6
2 4 6
1 6 6
4 1 6
5 6 6
7 1 7
7 6 7
7 6 7
4 7 7
6 7 7
2 3 3
2 4 6
7 3 7
7 6 7
4 5 6
2 4 6
5 1 6
3 5 3
2 6 6
2 6 6
4 5 6
2 1 6
1 6 6
3 1 6
7 1 7
2 3 3
7 1 7
6 7 7
6 4 6
4 2 6
6 3 6
7 4 7
5 4 6
4 3 6
4 3 6
1 5 6
3 5 3
3 2 3
4 3 6
1 6 6
5 7 7
1 2 6
7 1 7
3 5 3
6 1 6
2 4 6
4 5 6
1 3 6
2 6 6
4 3 6
6 1 6
2 4 6
6 2 6
6 3 6
4 1 6
4 7 7
5 4 6
6 7 7
6 2 6
5 6 6
6 4 6
4 6 6
6 4 6
1 6 6
7 5 7
1 4 6
1 4 6
1 7 7
4 3 6
5 2 2
4 2 6
6 5 6
25 76
21 11 13
10 2 5
25 10 13
6 2 23
23 10 23
23 6 23
10 9 12
10 3 13
15 4 13
20 18 13
15 18 18
6 18 18
14 11 11
18 24 18
18 1 18
25 12 13
13 22 13
6 10 12
8 24 13
15 3 13
14 9 13
17 9 13
15 2 2
7 8 13
11 24 13
3 2 13
21 16 13
24 5 18
17 22 13
3 20 3
23 15 23
5 4 13
18 20 13
16 5 16
18 8 13
5 17 13
22 3 13
6 8 5
24 20 13
7 20 13
1 17 13
15 12 23
18 22 18
2 10 23
13 22 13
22 3 13
24 13 13
10 17 13
14 22 13
22 2 18
24 23 23
3 19 13
21 10 13
22 25 13
18 1 18
6 8 13
2 12 23
12 25 13
14 16 13
10 12 6
8 2 13
4 8 13
21 23 13
18 21 13
1 25 13
19 6 12
2 4 13
15 19 23
10 13 13
13 21 13
12 10 12
25 20 13
13 3 12
19 10 12
4 22 2
18 15 18
16 33
4 3 7
15 13 7
12 16 16
13 10 8
9 11 7
5 10 8
2 3 2
5 2 2
13 11 7
11 5 14
9 13 7
7 16 16
3 11 3
2 3 2
14 15 7
4 11 7
2 4 2
8 11 8
8 4 8
4 6 7
10 4 8
1 2 8
14 11 14
2 7 2
15 8 8
10 9 8
6 16 16
6 4 7
12 11 8
13 6 7
9 14 7
14 5 14
8 7 8
32 50
8 31 31
30 25 3
14 4 4
23 27 26
2 19 5
24 26 5
16 8 18
11 3 26
9 25 25
10 16 18
20 9 3
20 13 5
8 25 5
17 21 5
12 23 26
15 19 26
26 19 26
29 24 18
5 6 5
7 17 5
4 10 4
25 10 5
27 26 26
10 23 5
26 31 5
1 25 5
18 16 18
26 4 5
1 18 18
4 10 4
6 2 5
24 11 5
31 27 5
28 19 26
14 29 31
14 12 5
18 11 5
3 6 26
15 17 26
19 9 9
5 3 5
21 12 5
9 3 3
21 29 29
18 15 5
11 18 5
13 22 22
12 19 26
2 30 5
27 14 5
17 21
15 1 9
16 12 9
3 10 3
10 8 9
15 11 9
10 3 3
8 9 9
14 1 3
13 1 9
1 14 3
11 5 5
5 13 9
12 6 5
17 6 9
13 1 9
3 7 9
12 5 5
7 5 9
2 8 9
2 13 9
3 14 3
7 4
7 3 5
4 1 2
6 3 6
6 4 5
14 32
13 8 4
2 14 4
9 8 9
1 9 9
7 14 7
6 3 4
10 11 4
5 3 4
3 11 4
2 9 4
7 1 7
8 3 8
8 13 4
10 8 4
12 9 4
11 5 4
4 14 7
8 11 4
11 14 13
14 8 8
1 7 7
13 8 4
5 3 4
3 6 4
11 12 4
4 11 4
3 6 4
8 9 9
9 5 4
8 11 9
10 4 4
13 8 4
47 88
10 2 21
22 37 12
1 40 21
19 6 12
5 20 31
43 4 12
29 38 29
45 7 12
26 36 21
17 36 17
41 7 12
13 44 25
40 29 21
10 32 29
9 41 12
35 46 12
17 23 4
41 28 12
34 47 12
28 23 12
37 20 12
4 24 12
20 17 12
34 11 12
35 37 4
31 21 12
7 43 12
1 22 12
5 45 31
11 15 29
2 6 21
33 24 12
23 5 12
15 29 29
31 24 12
29 20 12
10 18 4
7 1 29
47 23 12
29 1 29
43 40 12
47 12 12
39 23 12
9 5 12
37 5 12
23 34 12
31 18 12
41 2 12
37 47 12
16 34 24
37 40 21
16 18 12
29 23 4
41 13 25
9 17 17
19 44 24
47 45 12
2 42 2
18 35 35
12 6 12
28 3 12
44 35 12
47 9 12
1 35 4
29 33 12
4 41 12
10 40 21
27 15 12
33 4 12
12 30 12
38 42 21
44 31 12
19 20 12
31 11 12
34 31 12
9 30 30
9 25 12
25 31 12
21 4 4
24 40 12
30 28 12
39 8 12
24 2 12
13 6 12
31 19 12
17 27 12
21 2 21
19 30 12
60 120
5 14 14
23 11 14
56 26 14
17 48 14
20 36 14
59 34 14
50 11 50
44 29 14
52 56 14
52 23 14
51 56 14
12 10 1
47 5 14
16 41 1
43 28 14
3 35 7
47 32 4
7 5 14
55 25 14
19 4 4
31 2 45
18 36 14
3 31 14
3 38 7
30 6 7
20 39 14
60 38 4
17 6 14
1 7 14
52 5 14
41 27 1
28 52 14
12 8 53
16 31 53
53 11 14
18 20 1
41 29 14
38 19 4
7 21 14
34 11 7
30 23 14
21 35 14
27 19 14
3 22 7
46 20 14
24 29 14
26 44 14
26 53 14
16 54 14
5 58 14
10 26 14
18 60 14
34 7 7
15 29 14
17 53 53
42 52 14
45 19 14
31 35 14
54 21 14
13 34 14
6 10 14
21 58 14
38 52 7
48 54 7
30 54 7
43 40 7
30 40 7
55 56 1
24 2 1
12 27 53
50 23 14
43 5 14
31 20 1
10 44 14
30 2 14
40 58 7
52 47 7
27 2 53
53 49 14
31 51 14
55 24 1
54 27 14
16 4 14
16 8 53
26 20 14
54 22 7
50 16 14
32 19 4
3 55 14
37 32 14
58 25 4
51 19 14
45 6 14
5 31 14
34 48 7
18 24 1
43 13 14
57 41 14
12 30 14
17 25 14
58 60 4
48 41 14
56 2 1
34 60 4
58 13 14
32 41 14
28 10 1
47 31 14
21 47 14
44 31 14
29 22 14
27 54 14
5 11 14
5 24 14
16 42 53
24 45 1
29 6 14
35 59 14
45 47 14
60 30 4
55 50
37 23 4
44 45 42
2 26 13
16 7 4
40 36 4
17 16 4
2 34 4
41 33 42
52 26 26
6 40 4
8 14 42
5 51 4
54 7 4
18 41 4
1 16 4
37 6 4
28 38 4
16 5 4
40 20 4
3 10 4
14 36 4
44 54 4
37 2 4
41 52 13
26 41 13
29 55 5
51 49 4
51 17 4
39 36 4
22 38 4
35 22 4
28 43 4
46 32 13
31 22 4
15 7 4
6 40 4
15 49 4
17 23 4
55 9 5
41 17 4
18 53 4
31 35 4
7 40 42
8 17 4
34 24 4
4 19 4
6 39 4
50 31 4
32 38 42
26 44 13
15 96
14 1 1
14 4 1
2 12 2
9 2 11
11 9 11
15 13 11
10 12 2
5 14 2
14 10 1
5 2 2
9 5 11
14 15 2
4 6 2
2 8 2
4 10 1
7 14 11
13 14 11
1 11 11
2 14 2
5 4 2
10 12 2
12 9 11
2 10 2
10 15 2
4 13 11
8 10 10
8 10 10
3 2 11
13 10 11
3 6 11
3 5 11
2 12 2
9 3 11
5 9 11
7 15 11
6 9 11
2 5 2
7 8 11
11 13 11
13 7 11
15 1 2
15 3 11
7 14 11
1 10 1
12 14 2
15 4 2
13 5 11
10 9 11
8 7 11
15 14 2
7 15 11
3 7 11
3 13 11
13 3 11
3 9 11
9 11 11
10 13 11
6 15 15
4 13 11
5 11 11
15 4 2
13 12 11
3 2 11
6 4 2
8 12 2
1 6 2
6 4 2
5 1 2
1 15 2
6 1 2
9 11 11
13 14 11
15 3 11
1 6 2
11 10 11
8 12 2
9 11 11
7 15 11
7 3 11
13 15 11
11 14 11
11 15 11
2 9 11
2 3 11
7 15 11
13 1 11
10 5 2
11 14 11
4 2 2
13 10 11
13 14 11
2 15 2
6 8 2
6 8 2
1 14 1
6 3 11
60 120
14 31 47
42 55 6
22 26 47
6 32 15
29 49 47
57 15 15
48 41 47
35 44 15
20 40 39
56 25 37
38 49 15
28 51 15
39 56 15
7 13 47
10 56 15
37 10 15
33 28 47
11 41 11
31 15 15
8 48 47
48 49 47
56 54 15
19 42 47
32 11 47
31 10 15
47 1 47
53 45 15
30 27 15
12 38 15
28 3 15
43 25 15
46 17 47
52 11 47
40 15 15
17 58 17
25 40 15
53 7 53
27 23 47
23 10 47
4 6 47
59 38 47
2 10 15
42 59 47
23 47 47
57 13 47
56 30 15
58 41 47
54 48 47
45 16 15
56 58 15
56 60 60
46 24 46
19 52 47
37 36 6
57 5 55
35 54 35
44 9 47
3 31 15
4 53 47
15 40 15
12 28 37
56 5 37
58 27 15
25 32 15
59 8 47
7 5 28
60 25 37
33 18 47
38 8 47
45 30 39
3 42 15
26 55 47
18 6 15
43 9 47
46 17 47
50 30 15
59 1 47
38 13 47
3 19 47
35 41 47
26 55 47
25 13 47
6 4 47
16 52 6
51 26 47
57 12 37
51 50 15
11 60 47
30 26 47
1 57 15
12 16 37
42 49 15
47 29 47
22 60 37
12 2 6
58 43 58
8 54 47
34 20 15
57 3 15
27 10 15
25 20 15
2 21 47
4 27 47
46 40 47
54 22 15
1 36 15
25 43 15
60 13 47
10 57 15
9 25 47
25 30 15
52 7 6
4 33 47
55 49 15
48 10 47
34 27 55
42 43 15
29 30 47
24 36 47
28 58 15
31 32
2 1 9
10 19 9
20 7 5
18 8 19
12 25 9
2 25 20
30 2 2
28 16 5
13 19 19
21 4 5
7 9 9
20 9 9
21 27 9
21 7 5
30 6 9
5 1 9
6 2 9
17 27 9
2 6 9
1 3 3
9 24 9
17 10 5
7 12 9
1 26 9
24 11 5
9 7 9
29 5 5
20 15 20
8 1 19
7 4 5
14 26 9
31 3 9
32 22
10 30 19
11 25 6
3 22 6
16 25 6
25 19 6
5 21 21
18 24 6
6 19 6
5 17 6
21 20 20
19 9 19
9 8 19
29 26 6
24 4 6
29 10 19
13 4 19
16 22 19
22 2 19
4 10 19
27 19 19
24 13 6
13 4 19
15 87
14 13 7
10 1 7
9 4 1
14 11 1
9 6 8
14 6 8
15 2 1
11 12 1
7 12 6
13 6 7
14 10 7
2 11 1
6 1 1
7 13 7
7 14 7
1 3 1
8 3 7
4 8 1
5 14 7
5 10 4
5 8 7
2 10 7
5 15 7
9 14 8
10 1 7
13 7 4
1 5 7
2 10 7
1 9 1
15 6 8
9 1 1
3 11 7
1 12 1
5 12 7
15 11 4
9 13 7
7 8 7
2 10 7
3 7 7
4 11 1
7 8 7
1 14 1
4 8 1
1 15 1
14 13 7
11 10 7
12 7 7
2 8 1
4 11 1
12 15 1
12 14 1
3 15 7
13 15 13
10 3 7
3 14 7
10 14 7
12 13 7
5 14 2
9 1 1
15 12 1
7 13 13
1 6 1
14 12 1
9 6 8
2 3 7
14 11 1
1 7 7
4 6 1
2 6 1
9 13 7
9 10 7
8 4 1
2 7 7
9 1 1
12 6 1
15 14 15
5 10 7
8 7 8
8 10 9
14 2 1
15 10 8
5 11 7
10 11 7
11 15 10
14 15 15
1 9 1
15 14 15
60 120
58 19 43
1 31 43
11 23 30
23 25 30
13 30 30
22 50 43
26 56 43
15 51 30
22 47 43
57 55 30
60 15 43
1 21 43
22 4 43
60 41 43
27 8 43
1 31 43
45 50 30
26 25 20
45 19 35
11 37 30
51 12 20
45 57 30
20 53 43
14 25 30
26 36 30
31 24 43
48 11 30
60 22 43
33 25 43
60 54 43
3 1 43
23 21 30
53 21 43
9 17 43
55 7 43
54 43 43
38 43 43
6 29 30
39 35 30
40 32 35
2 9 43
4 23 30
49 60 43
34 37 30
48 42 34
42 14 34
20 39 30
8 34 34
2 28 43
43 48 43
2 44 43
4 35 30
18 2 43
37 60 43
38 45 30
44 50 30
3 2 43
43 28 43
14 9 43
39 38 34
16 11 30
27 44 43
9 40 43
44 45 30
47 15 30
56 16 43
49 37 30
4 50 30
46 29 43
55 1 43
37 22 43
23 26 30
53 47 43
57 39 34
36 17 43
54 18 30
25 16 30
42 48 34
11 38 30
10 54 43
17 54 43
19 42 30
53 30 43
3 46 3
28 5 43
52 51 30
56 14 43
8 28 43
40 55 30
17 34 43
38 43 43
47 20 20
13 28 43
18 1 43
32 8 30
53 17 43
13 24 43
27 57 43
55 21 30
29 21 34
40 60 43
45 5 30
58 27 27
32 38 30
33 32 43
37 16 30
39 14 34
3 16 30
23 21 30
50 16 30
3 48 30
22 19 43
52 34 30
2 4 43
24 35 43
38 52 30
31 53 43
24 14 43
29 2 43
58 8 43
48 93
4 28 39
26 17 48
9 31 28
27 12 37
43 31 1
13 16 37
7 46 37
45 28 37
43 9 1
43 42 1
10 47 37
9 8 9
47 39 48
43 38 1
29 24 48
48 19 37
1 27 1
13 44 48
25 20 37
27 12 37
38 33 37
3 18 37
42 24 37
48 13 48
10 26 37
48 34 37
45 36 37
19 33 37
30 15 1
34 38 37
14 9 1
18 48 37
11 23 37
6 28 37
16 37 37
26 33 37
8 41 37
23 34 37
30 34 1
14 12 1
3 10 37
29 22 37
40 5 48
22 48 37
15 16 37
15 22 37
30 37 1
28 29 48
27 20 37
23 18 37
32 9 28
24 31 28
40 42 37
13 23 36
48 7 37
19 23 37
38 42 37
42 5 37
13 39 39
36 18 37
39 42 37
21 25 21
24 45 37
20 47 48
41 33 37
41 35 37
3 1 1
12 45 37
47 20 48
12 48 37
28 26 28
37 9 37
24 43 1
8 47 48
5 45 37
38 3 28
38 13 36
37 47 37
47 34 37
41 25 37
23 30 1
27 46 37
25 14 1
21 41 37
46 23 28
20 11 37
20 9 39
4 34 37
10 45 37
39 36 39
17 40 48
14 18 1
28 40 48
12 96
10 1 8
9 12 8
4 1 8
9 8 8
7 5 8
5 1 8
2 9 8
4 9 9
1 10 8
8 7 8
3 10 8
10 1 8
9 3 3
11 2 12
11 2 12
5 1 8
2 4 8
5 3 3
10 9 8
12 6 12
9 6 8
4 8 8
4 9 9
7 1 8
4 12 8
6 10 8
2 11 12
7 3 8
3 10 8
3 11 8
12 9 8
11 8 8
6 12 12
2 10 8
7 12 12
12 2 12
7 4 8
9 12 8
9 10 8
12 9 3
5 7 8
12 4 8
9 3 3
1 12 8
11 7 7
4 9 9
8 6 8
12 4 8
5 9 3
5 7 8
6 8 8
4 6 8
5 1 8
9 5 3
5 11 8
4 10 8
12 5 8
11 8 8
6 4 8
12 5 8
10 3 8
9 4 9
8 7 8
8 2 8
6 10 8
12 9 8
12 9 8
2 8 8
2 1 8
1 11 8
3 1 8
1 6 8
6 4 4
12 11 12
11 12 12
6 3 8
11 12 12
12 11 12
9 1 8
12 5 8
1 9 8
1 7 8
7 12 12
5 11 3
9 2 8
3 6 8
10 3 8
2 5 8
5 1 8
4 8 8
5 2 8
3 12 8
7 5 8
9 10 8
7 4 8
10 1 8
23 71
3 11 21
2 14 5
17 10 21
21 14 21
15 20 15
15 14 15
2 21 21
23 13 23
12 7 12
8 16 12
17 12 21
13 6 19
4 2 12
9 5 5
8 15 5
12 15 5
7 3 21
11 9 12
17 19 21
16 23 12
3 13 21
7 12 12
12 23 12
13 20 5
18 3 21
6 21 21
18 20 5
23 2 12
4 13 12
16 9 12
10 2 12
18 1 21
7 8 12
2 1 21
22 19 19
1 22 21
14 15 15
3 8 21
6 15 19
2 13 12
13 21 21
20 1 21
3 4 21
4 16 12
16 18 5
4 2 12
23 14 5
21 4 21
2 19 19
19 22 19
11 18 5
10 19 19
20 5 5
11 23 12
21 22 21
3 5 21
2 1 21
20 9 5
10 15 5
3 23 21
12 13 12
13 2 12
16 15 5
17 11 21
7 11 12
5 2 5
13 14 5
9 3 21
13 20 5
15 3 21
13 16 12
41 37
36 14 11
12 6 11
29 1 13
23 16 13
41 20 13
36 3 11
16 20 13
20 29 13
33 19 11
16 7 34
3 16 34
9 11 11
36 27 36
17 24 11
17 39 11
35 2 28
18 31 34
17 19 11
39 20 13
40 1 13
30 5 11
12 4 12
24 32 34
33 14 34
33 1 13
3 6 11
41 8 11
14 35 28
31 13 13
26 3 11
5 41 34
41 24 12
14 30 11
29 6 11
4 20 13
9 1 13
22 30 11
32 84
7 14 13
10 16 13
17 32 13
31 32 30
13 15 13
18 9 13
11 21 30
22 25 22
30 28 13
31 24 13
24 32 13
30 21 30
17 16 13
32 26 30
5 2 30
12 8 30
1 14 14
12 31 12
25 4 30
15 30 13
26 5 30
25 9 13
6 27 22
6 17 13
7 8 30
6 15 13
10 11 13
31 23 12
16 8 13
4 16 13
29 27 30
5 8 30
12 29 30
26 16 13
28 30 13
28 2 13
16 19 13
28 19 13
23 28 13
10 18 18
27 32 30
22 31 30
16 13 13
2 6 30
4 27 30
9 7 13
16 18 13
12 18 13
19 22 13
20 1 13
24 32 13
4 6 30
25 8 30
4 11 11
8 5 30
20 11 30
20 24 13
25 13 13
22 17 13
2 15 13
5 2 30
32 11 30
9 12 13
26 11 30
27 11 30
27 12 30
25 8 30
22 5 30
12 8 30
29 24 13
19 2 13
8 30 30
23 16 13
4 28 13
32 22 30
17 18 13
21 20 23
13 19 13
17 8 13
6 24 13
28 18 13
25 26 30
9 28 13
10 2 13
27 84
19 2 21
15 14 24
26 18 24
18 17 24
1 20 24
16 9 24
18 15 24
7 6 10
5 2 24
2 26 2
6 1 24
25 13 25
21 14 24
7 14 24
1 8 3
4 10 24
23 7 24
18 4 16
27 6 24
13 25 25
18 24 24
21 20 24
18 21 24
23 15 24
14 8 24
26 17 9
19 20 24
1 11 25
7 6 27
22 19 24
8 19 21
23 1 6
6 5 24
3 10 24
7 18 24
8 2 21
17 20 24
1 25 25
17 9 9
5 8 24
13 16 24
6 14 24
13 19 21
9 4 24
23 14 24
26 4 24
2 16 24
10 9 23
10 5 24
23 8 21
5 14 14
12 20 24
10 23 24
16 24 24
26 25 9
26 3 9
27 4 16
12 17 24
12 16 24
8 10 24
3 1 9
24 7 24
5 24 24
22 3 24
4 14 14
5 7 24
19 15 24
2 5 24
2 5 24
10 19 24
24 2 24
3 22 24
13 27 24
22 12 24
14 4 14
21 5 24
4 7 24
8 1 21
10 6 10
8 26 21
19 10 6
22 18 24
10 24 24
9 17 9
11 78
9 10 7
11 5 5
6 11 6
11 1 1
9 5 1
2 6 6
8 7 1
3 1 1
6 10 1
9 10 7
6 11 6
10 9 7
1 2 1
8 2 1
5 10 1
3 11 1
7 5 1
6 2 6
5 2 6
6 9 1
6 5 6
8 9 1
4 2 1
6 3 1
4 9 4
5 8 1
1 6 1
1 9 1
10 6 1
8 1 1
8 11 1
10 3 7
9 10 7
6 10 1
9 1 1
5 9 1
5 8 1
7 9 7
4 11 1
1 8 1
4 6 1
1 8 1
5 4 1
6 7 1
6 11 6
3 5 1
6 9 1
7 6 1
7 1 1
1 10 1
1 2 1
10 6 1
11 2 6
10 5 1
9 10 7
2 3 1
6 1 1
1 5 1
10 7 7
3 10 7
9 11 1
4 6 1
4 2 1
7 5 1
6 2 6
5 4 1
5 1 1
5 6 6
2 9 1
4 9 4
9 2 1
11 5 5
10 5 1
5 10 1
3 6 1
7 6 1
8 10 1
6 3 1
10 102
5 4 5
8 5 8
6 8 8
6 7 8
4 6 8
1 7 7
1 3 8
4 1 8
6 4 8
9 2 8
2 5 8
5 2 8
7 6 8
6 2 6
5 3 8
4 1 8
2 7 8
10 3 8
6 1 8
2 7 8
3 2 8
6 5 8
9 2 8
10 4 10
2 6 6
10 4 10
9 6 8
3 10 8
4 1 8
7 8 8
6 8 8
1 7 7
1 3 8
8 5 8
6 9 8
5 8 8
5 3 8
2 9 8
8 6 8
8 4 8
2 10 8
1 8 8
2 3 8
6 3 8
2 7 8
1 7 7
4 8 8
8 7 8
5 10 5
9 2 8
10 9 8
9 8 8
9 8 8
10 8 8
9 4 8
6 2 6
9 3 8
5 10 5
5 10 5
6 10 8
1 3 8
9 2 8
3 4 8
7 3 8
2 5 8
3 8 8
6 5 8
5 4 5
4 2 8
7 8 8
4 5 5
4 5 5
9 1 8
4 6 8
4 9 8
10 7 8
2 5 8
9 1 8
8 4 8
1 9 8
2 6 6
7 5 8
6 9 8
4 8 8
6 7 8
4 10 10
8 4 8
9 1 8
3 9 8
3 7 8
5 3 8
3 10 8
10 8 8
5 10 5
9 2 8
10 2 8
1 7 7
8 1 8
5 9 8
1 10 8
3 5 8
9 5 8
9 83
8 3 2
6 2 2
2 7 2
7 2 2
4 2 2
5 2 5
5 3 7
2 7 2
8 5 5
7 2 2
6 7 2
4 3 2
1 6 3
9 6 2
8 3 2
9 6 2
7 8 2
9 7 3
7 2 2
7 3 2
8 2 2
1 8 2
8 2 2
6 5 5
6 2 2
2 9 2
7 3 2
1 9 2
1 7 2
9 7 5
6 9 2
5 9 5
9 8 4
3 6 3
1 4 2
2 5 5
1 9 2
7 4 2
3 5 5
3 4 2
2 8 6
6 1 3
7 5 5
1 8 2
6 8 2
5 3 5
8 2 2
3 5 5
7 3 2
4 2 2
7 3 2
8 4 4
7 6 2
8 4 4
8 6 2
7 9 2
9 8 4
4 2 2
9 5 5
4 2 2
2 6 2
4 2 2
3 8 2
2 5 5
4 1 2
6 1 4
1 8 2
3 7 2
6 7 8
4 7 2
8 7 2
9 8 4
1 2 2
3 7 2
2 1 2
8 3 2
4 3 2
9 8 4
3 9 2
9 8 4
8 3 2
9 4 4
9 4 4
42 44
37 20 30
11 40 30
36 38 30
26 10 30
24 16 30
11 38 30
5 18 30
27 30 30
9 12 30
5 9 9
13 20 28
12 41 30
16 30 30
39 31 24
27 2 28
2 20 28
39 35 9
26 36 30
31 1 9
40 15 30
19 12 30
28 39 28
11 17 9
41 22 30
41 36 30
37 1 30
2 41 30
13 33 30
31 37 30
40 29 30
35 33 30
29 19 37
4 13 28
12 32 30
36 29 30
3 2 28
38 40 30
28 36 30
22 27 32
11 39 9
26 17 30
14 15 30
29 16 37
13 35 28
39 73
39 12 35
35 21 35
17 11 35
28 18 30
28 4 35
10 23 35
15 2 2
9 20 10
2 8 3
5 13 35
35 12 35
7 22 2
32 7 2
21 9 35
2 1 35
26 21 2
1 33 35
30 27 35
1 35 35
12 26 35
7 33 2
24 11 35
33 5 35
30 28 30
6 23 35
22 21 2
12 36 35
32 5 35
32 18 2
12 28 35
31 17 2
10 21 35
24 15 3
7 37 35
7 9 35
8 1 35
29 16 10
21 37 35
16 4 35
7 27 35
11 28 35
32 19 35
3 14 3
10 4 35
8 26 3
8 17 3
22 31 31
6 32 35
33 30 30
38 35 35
30 1 35
12 5 12
28 23 30
13 19 13
15 12 35
33 5 35
11 8 35
14 6 35
34 36 2
38 22 2
26 14 2
21 6 35
11 26 35
29 14 35
28 30 30
12 29 12
26 7 26
14 26 2
39 19 35
26 1 35
8 7 3
27 19 35
22 13 35
29 86
22 12 26
18 27 26
13 19 26
19 25 26
20 15 26
2 26 26
5 29 15
3 6 26
15 21 15
3 1 26
4 11 26
22 15 26
7 2 26
12 4 23
23 28 28
4 9 26
2 10 26
18 10 19
17 11 26
12 9 26
14 27 26
8 13 15
15 8 15
24 4 26
18 16 26
18 6 19
26 12 26
21 8 15
7 1 26
11 18 26
6 17 26
26 16 26
1 17 26
20 21 26
27 28 26
16 27 26
24 18 19
8 27 15
27 7 15
19 16 26
25 28 26
2 26 26
12 1 26
10 23 26
24 21 26
14 19 19
7 6 26
3 26 26
26 25 26
29 18 26
9 18 26
6 25 26
4 12 23
14 29 26
28 17 26
16 26 26
9 27 25
11 1 26
7 29 15
28 25 26
4 23 23
29 19 26
13 1 26
20 23 26
5 16 26
22 2 26
16 11 11
15 14 26
23 9 26
11 14 26
2 4 28
14 6 1
17 24 26
24 22 26
19 25 26
6 28 26
7 18 26
20 13 26
21 4 26
19 21 26
27 20 26
21 7 15
16 13 26
21 13 13
22 4 26
6 15 26
6 100
3 6 3
5 4 6
3 5 3
3 1 3
1 4 4
3 2 3
2 5 2
3 2 3
5 6 6
6 2 6
1 3 3
5 2 2
2 4 6
6 5 6
3 2 3
5 1 6
6 5 6
6 1 6
6 3 3
5 4 6
6 5 6
2 1 6
6 5 6
4 6 6
5 2 2
4 3 3
1 2 6
5 4 6
5 2 2
1 2 6
6 1 6
5 6 6
1 5 6
4 3 3
1 2 6
4 6 6
6 5 6
3 2 3
1 5 6
5 3 3
4 2 6
3 4 3
1 6 6
2 1 6
2 1 6
3 1 3
5 3 3
1 5 6
1 2 6
1 3 3
3 2 3
3 4 3
5 1 6
1 4 4
4 5 6
3 1 3
1 2 6
3 4 3
4 2 6
5 4 6
2 4 6
5 3 3
5 4 6
3 6 3
6 3 3
5 2 2
5 2 2
5 1 6
3 1 3
6 3 3
5 3 3
2 6 6
1 2 6
4 1 4
1 5 6
3 5 3
1 3 3
5 3 3
6 5 6
4 2 6
3 4 3
3 1 3
2 5 2
5 2 2
2 1 6
3 2 3
5 6 6
1 2 6
6 1 6
1 3 3
1 4 4
2 3 3
4 6 6
3 2 3
4 3 3
1 5 6
4 2 6
5 2 2
1 3 3
3 6 3
60 120
52 41 58
51 10 59
40 34 59
5 18 59
39 2 59
45 33 13
43 2 59
7 21 59
60 36 17
55 22 59
15 47 59
13 41 59
28 23 59
12 17 59
46 47 59
28 59 59
49 6 59
35 31 39
11 57 59
54 6 59
19 4 59
5 31 59
26 30 59
10 60 17
50 35 59
14 33 59
42 33 59
40 17 59
11 14 58
31 29 39
33 6 59
4 30 59
18 15 33
31 55 59
53 46 30
38 6 59
36 57 59
29 18 59
39 12 39
31 23 59
17 25 59
43 26 59
5 17 59
29 10 59
27 32 59
21 60 59
18 17 17
21 55 45
26 22 59
28 5 59
43 59 59
58 55 59
48 43 39
54 43 59
50 7 58
60 39 10
51 34 13
36 3 59
54 52 58
27 40 58
13 48 13
55 13 59
11 27 11
32 31 13
26 59 59
12 42 59
13 49 59
4 32 59
29 58 59
50 25 58
36 32 59
8 55 59
33 17 59
5 34 59
35 20 59
44 13 59
8 43 54
58 54 58
27 16 59
41 11 11
14 23 5
57 27 59
55 49 59
17 47 17
8 24 59
16 41 59
11 24 59
18 38 59
10 2 59
20 1 1
6 46 59
59 36 59
39 6 59
56 31 59
21 23 59
12 38 4
60 15 59
45 59 59
8 27 58
43 38 59
42 48 59
17 55 17
36 12 59
26 16 4
42 19 59
35 46 59
53 37 59
17 52 59
22 7 58
27 45 59
23 34 59
43 30 59
54 10 59
2 14 58
27 24 59
50 23 58
41 7 58
24 27 59
2 10 59
31 43 39
51 96
12 18 8
5 31 23
50 9 8
51 31 12
23 40 23
36 50 8
25 41 23
31 8 8
13 1 4
21 47 8
48 34 23
11 9 14
16 20 8
11 34 23
2 27 27
47 15 8
18 51 8
40 27 27
13 48 28
24 21 8
13 22 8
31 14 15
17 1 8
28 21 23
3 12 27
28 49 8
7 36 7
19 42 8
1 25 8
16 30 8
37 41 23
40 9 23
7 27 23
21 33 23
41 8 8
31 12 12
50 43 8
48 2 27
11 47 8
36 21 23
22 49 8
44 6 8
32 46 20
32 23 23
22 12 12
26 29 29
1 5 8
18 43 8
44 4 8
37 5 23
3 13 8
22 38 23
12 11 12
28 12 23
6 26 8
25 24 8
49 42 8
15 32 20
8 6 8
42 35 8
37 26 8
42 38 8
10 23 23
23 14 23
23 15 23
6 30 8
24 9 8
45 22 8
3 48 27
21 40 23
31 26 8
34 44 8
17 3 8
7 27 23
51 39 51
10 27 27
11 26 8
13 32 8
35 38 28
31 42 8
42 16 8
35 19 23
23 12 23
23 22 23
14 34 23
2 13 8
15 17 8
47 8 8
33 34 16
2 23 35
49 18 8
15 16 8
30 13 8
33 29 8
39 40 20
23 46 23
60 120
6 41 55
57 12 11
33 17 32
49 35 32
31 59 32
12 19 32
21 30 32
6 24 32
16 46 48
3 16 32
60 43 32
58 2 32
4 56 11
20 9 9
24 27 48
33 47 32
37 21 48
18 45 32
1 12 32
17 11 32
55 50 32
43 38 32
59 5 32
60 31 32
39 19 32
9 31 32
46 21 48
41 14 32
33 57 9
37 30 32
16 45 53
39 55 11
57 20 11
38 43 32
56 39 11
58 60 32
20 23 32
7 32 32
11 53 32
50 60 32
27 4 32
47 25 32
46 14 48
36 20 32
6 38 55
11 8 9
43 57 32
51 17 32
44 3 9
43 60 32
34 53 53
33 31 32
19 18 32
39 23 32
12 35 11
25 14 32
39 13 11
5 32 32
29 40 40
60 32 32
21 47 53
19 18 32
58 20 32
27 12 32
60 38 9
36 19 48
19 46 48
15 36 48
41 16 32
47 40 53
12 18 11
47 46 48
26 25 32
30 26 32
35 5 32
17 38 32
57 35 35
8 50 32
55 58 32
28 33 32
41 16 32
53 27 48
33 39 9
25 2 9
25 11 9
4 31 32
34 52 48
22 60 9
58 5 32
27 9 32
46 54 32
9 57 9
40 51 48
24 8 32
2 19 32
41 11 11
40 54 32
43 1 53
45 44 32
48 50 48
7 48 32
20 35 11
38 13 55
20 7 11
20 13 11
9 50 32
19 34 48
58 46 32
29 47 53
44 59 9
51 25 32
45 56 32
38 39 11
24 32 32
44 28 32
51 60 32
15 30 32
57 13 55
44 26 32
47 4 32
5 98
5 2 1
1 5 1
5 4 4
1 2 1
2 5 1
3 4 4
2 4 4
5 4 4
1 2 1
4 5 4
4 3 4
2 5 1
4 1 4
1 2 1
2 5 1
1 2 1
1 4 4
4 2 4
5 2 1
1 2 1
1 5 1
4 2 4
5 3 1
1 2 1
2 4 4
3 4 4
5 3 1
3 1 1
4 5 4
4 2 4
3 1 1
1 3 1
3 5 1
3 5 1
5 4 4
1 5 1
4 2 4
2 4 4
1 5 1
3 2 1
4 1 4
5 4 4
3 1 1
4 1 4
4 5 4
3 5 1
3 1 1
3 5 1
3 4 4
3 2 1
4 2 4
5 3 1
2 4 4
1 4 3
1 5 1
5 2 1
1 4 4
2 4 4
3 1 1
4 1 4
4 1 4
4 5 4
4 1 4
1 3 1
4 2 4
1 5 1
2 5 1
1 3 1
4 2 4
2 1 1
4 1 4
4 1 4
2 5 1
1 2 1
1 4 4
5 1 1
5 2 1
3 4 4
1 2 1
2 1 1
2 3 1
1 2 1
5 3 1
4 1 4
1 5 1
1 3 1
3 1 1
2 3 1
3 5 1
1 3 1
2 4 4
5 3 1
5 3 1
4 1 4
2 1 1
2 5 1
1 5 1
4 2 4
